ПИКА
136  4  85  64  153      88  4  55  40  99 
136  4  83  64  159      88  4  53  40  9F 
136  4  125  64  177      88  4  7D  40  B1 
136  4  123  64  183      88  4  7B  40  B7 
136  4  121  64  181      88  4  79  40  B5 
136  4  119  64  187      88  4  77  40  BB 
136  4  117  64  185      88  4  75  40  B9 
136  4  115  64  191      88  4  73  40  BF 
136  4  113  64  189      88  4  71  40  BD 
136  4  98  64  174      88  4  62  40  AE 
136  4  100  64  168      88  4  64  40  A8 
136  4  102  64  170      88  4  66  40  AA 
136  4  87  64  155      88  4  57  40  9B 
БУБНА
136  4  107  64  167      88  4  6B  40  A7 
136  4  109  64  161      88  4  6D  40  A1 
136  4  111  64  163      88  4  6F  40  A3 
136  4  96  64  172      88  4  60  40  AC 
136  4  94  64  146      88  4  5E  40  92 
136  4  92  64  144      88  4  5C  40  90 
136  4  90  64  150      88  4  5A  40  96 
136  4  88  64  148      88  4  58  40  94 
136  4  86  64  154      88  4  56  40  9A 
136  4  84  64  152      88  4  54  40  98 
136  4  166  64  106      88  4  A6  40  6A 
136  4  164  64  104      88  4  A4  40  68 
136  4  105  64  165      88  4  69  40  A5
ТРЕФ
136  4  157  64  81      88  4  9D  40  51 
136  4  159  64  83      88  4  9F  40  53 
136  4  161  64  109      88  4  A1  40  6D 
136  4  163  64  111      88  4  A3  40  6F 
136  4  165  64  105      88  4  A5  40  69 
136  4  167  64  107      88  4  A7  40  6B 
136  4  126  64  178      88  4  7E  40  B2 
136  4  128  64  76      88  4  80  40  4C 
136  4  130  64  78      88  4  82  40  4E 
136  4  132  64  72      88  4  84  40  48 
136  4  134  64  74      88  4  86  40  4A 
136  4  136  64  68      88  4  88  40  44
136  4  155  64  87      88  4  9B  40  57
ЧИРВА
136  4  152  64  84      88  4  98  40  54 
136  4  150  64  90      88  4  96  40  5A 
136  4  148  64  88      88  4  94  40  58 
136  4  146  64  94      88  4  92  40  5E 
136  4  144  64  92      88  4  90  40  5C 
136  4  142  64  66      88  4  8E  40  42 
136  4  140  64  64      88  4  8C  40  40 
136  4  154  64  86      88  4  9A  40  56 
136  4  156  64  80      88  4  9C  40  50 
136  4  158  64  82      88  4  9E  40  52 
136  4  160  64  108      88  4  A0  40  6C 
136  4  162  64  110      88  4  A2  40  6E 
136  4  138  64  70      88  4  8A  40  46 
